{
 "metadata": {
  "name": "",
  "signature": "sha256:8188dbf19c360bff53426a2bf72139f8ad384a060ac97e6bd77b518bb41fc89d"
 },
 "nbformat": 3,
 "nbformat_minor": 0,
 "worksheets": [
  {
   "cells": [
    {
     "cell_type": "code",
     "collapsed": false,
     "input": [
      "import numpy as np\n",
      "from scipy import stats as s\n",
      "from scipy.stats import multivariate_normal as mn"
     ],
     "language": "python",
     "metadata": {},
     "outputs": [],
     "prompt_number": 1
    },
    {
     "cell_type": "code",
     "collapsed": false,
     "input": [
      "data = np.loadtxt('/home/user/PRTakeHome1/train_sp2015_v14')"
     ],
     "language": "python",
     "metadata": {},
     "outputs": [],
     "prompt_number": 2
    },
    {
     "cell_type": "code",
     "collapsed": false,
     "input": [
      "classOneMeanVector = np.zeros((4,1))\n",
      "for j in range(0,4):\n",
      "    sum = 0\n",
      "    for i in range(0,5000):\n",
      "        sum = sum + data[i][j]\n",
      "    classOneMeanVector[j][0] = sum / 5000\n",
      "print classOneMeanVector"
     ],
     "language": "python",
     "metadata": {},
     "outputs": [
      {
       "output_type": "stream",
       "stream": "stdout",
       "text": [
        "[[  0.54656947]\n",
        " [ 50.09870688]\n",
        " [-24.68636838]\n",
        " [-49.62397174]]\n"
       ]
      }
     ],
     "prompt_number": 3
    },
    {
     "cell_type": "code",
     "collapsed": false,
     "input": [
      "classOneTrainingData = data[0:5000,:]\n",
      "summation = np.zeros((1,4))\n",
      "for i in range(0, 5000):\n",
      "    temp = classOneTrainingData[i] - classOneMeanVector.T[0]\n",
      "    summation = summation + np.outer(temp, temp)\n",
      "    print np.outer(temp, temp)\n",
      "estimatedCovMatrixClassOne = summation/4999\n",
      "print estimatedCovMatrixClassOne"
     ],
     "language": "python",
     "metadata": {},
     "outputs": [
      {
       "output_type": "stream",
       "stream": "stdout",
       "text": [
        "[[ 1094.88545965  -598.13305467  -162.97610862  1116.1944723 ]\n",
        " [ -598.13305467   326.75851883    89.03342064  -609.77411238]\n",
        " [ -162.97610862    89.03342064    24.2593522   -166.14800201]\n",
        " [ 1116.1944723   -609.77411238  -166.14800201  1137.9182078 ]]\n",
        "[[   84.58285057   186.23800552    35.96682845  -678.87718695]\n",
        " [  186.23800552   410.06651426    79.19324484 -1494.77976252]\n",
        " [   35.96682845    79.19324484    15.29403111  -288.67624055]\n",
        " [ -678.87718695 -1494.77976252  -288.67624055  5448.7905272 ]]\n",
        "[[ 11280.03761714   2837.84903012   2260.27306439   4715.96329783]\n",
        " [  2837.84903012    713.95037775    568.64293731   1186.44922341]\n",
        " [  2260.27306439    568.64293731    452.90933408    944.97599889]\n",
        " [  4715.96329783   1186.44922341    944.97599889   1971.65209739]]\n",
        "[[ 9921.48063469   604.67298924  -642.35721501   820.5894214 ]\n",
        " [  604.67298924    36.85230435   -39.14900121    50.01151306]\n",
        " [ -642.35721501   -39.14900121    41.58883204   -53.12831369]\n",
        " [  820.5894214     50.01151306   -53.12831369    67.8696077 ]]\n",
        "[[  199.9801972    660.26448314   551.43018192   875.7907126 ]\n",
        " [  660.26448314  2179.96178522  1820.62908803  2891.55381529]\n",
        " [  551.43018192  1820.62908803  1520.5267811   2414.92627138]\n",
        " [  875.7907126   2891.55381529  2414.92627138  3835.42662233]]\n",
        "[[    71.02020322   1207.00708667    137.54719976   -794.77974458]\n",
        " [  1207.00708667  20513.40380958   2337.6509406  -13507.4913978 ]\n",
        " [   137.54719976   2337.6509406     266.39225605  -1539.27647816]\n",
        " [  -794.77974458 -13507.4913978   -1539.27647816   8894.29787252]]\n",
        "[[ 12111.35938853  -6165.51312537  -4275.81324043  -6982.23400948]\n",
        " [ -6165.51312537   3138.66931693   2176.68238633   3554.43629809]\n",
        " [ -4275.81324043   2176.68238633   1509.53978662   2465.01880324]\n",
        " [ -6982.23400948   3554.43629809   2465.01880324   4025.2782697 ]]\n",
        "[[  9.37518295e-03   2.10581883e-01   1.45519255e+00  -4.77638088e+00]\n",
        " [  2.10581883e-01   4.73001218e+00   3.26859955e+01  -1.07285296e+02]\n",
        " [  1.45519255e+00   3.26859955e+01   2.25871363e+02  -7.41377945e+02]\n",
        " [ -4.77638088e+00  -1.07285296e+02  -7.41377945e+02   2.43342604e+03]]\n",
        "[[  412.50217156  -961.5197678    482.53256513   154.10157872]\n",
        " [ -961.5197678   2241.24944697 -1124.75674547  -359.20226463]\n",
        " [  482.53256513 -1124.75674547   564.45200162   180.26336634]\n",
        " [  154.10157872  -359.20226463   180.26336634    57.56890073]]\n",
        "[[ 6629.62017255  -831.56565688   401.48165709 -6356.54543912]\n",
        " [ -831.56565688   104.30483553   -50.3585951    797.31338236]\n",
        " [  401.48165709   -50.3585951     24.31323617  -384.94458655]\n",
        " [-6356.54543912   797.31338236  -384.94458655  6094.7186819 ]]\n",
        "[[   87.32518478  -525.83671731   242.59946673  -401.86840565]\n",
        " [ -525.83671731  3166.37467155 -1460.83523934  2419.88795964]\n",
        " [  242.59946673 -1460.83523934   673.96938703 -1116.43692658]\n",
        " [ -401.86840565  2419.88795964 -1116.43692658  1849.38876307]]\n",
        "[[ 4525.87294501 -4266.34773135  -938.79841724  1096.05778494]\n",
        " [-4266.34773135  4021.704362     884.96529758 -1033.20700802]\n",
        " [ -938.79841724   884.96529758   194.73424882  -227.35444105]\n",
        " [ 1096.05778494 -1033.20700802  -227.35444105   265.43888494]]\n",
        "[[ 23370.57194146  -5536.87242957   3666.29304308   4402.48513951]\n",
        " [ -5536.87242957   1311.77603946   -868.60505253  -1043.0210545 ]\n",
        " [  3666.29304308   -868.60505253    575.15514432    690.64636842]\n",
        " [  4402.48513951  -1043.0210545     690.64636842    829.3282446 ]]\n",
        "[[ 4418.9545379   5167.74790067   487.38290766 -1278.22947064]\n",
        " [ 5167.74790067  6043.42455571   569.9701086  -1494.82589306]\n",
        " [  487.38290766   569.9701086     53.75527099  -140.98067557]\n",
        " [-1278.22947064 -1494.82589306  -140.98067557   369.74143219]]\n",
        "[[ 26311.40786007   2368.98060671   4625.83469112   3854.40601975]\n",
        " [  2368.98060671    213.29414012    416.49282818    347.03628022]\n",
        " [  4625.83469112    416.49282818    813.27258136    677.64694214]\n",
        " [  3854.40601975    347.03628022    677.64694214    564.6389522 ]]\n",
        "[[ 13455.99594659  -1813.7206132     743.07957628  -2163.41954068]\n",
        " [ -1813.7206132     244.46963835   -100.15897375    291.60521685]\n",
        " [   743.07957628   -100.15897375     41.03503441   -119.47037454]\n",
        " [ -2163.41954068    291.60521685   -119.47037454    347.82888815]]\n",
        "[[  1.22823465e+04   2.23837378e+03  -2.14884962e+02   7.78449292e+03]\n",
        " [  2.23837378e+03   4.07928337e+02  -3.91613170e+01   1.41867068e+03]\n",
        " [ -2.14884962e+02  -3.91613170e+01   3.75950531e+00  -1.36193069e+02]\n",
        " [  7.78449292e+03   1.41867068e+03  -1.36193069e+02   4.93377466e+03]]\n",
        "[[ 1644.03759522  2041.69025302 -1092.26450532  -541.53583628]\n",
        " [ 2041.69025302  2535.52540488 -1356.45668975  -672.52016731]\n",
        " [-1092.26450532 -1356.45668975   725.67789998   359.78518621]\n",
        " [ -541.53583628  -672.52016731   359.78518621   178.37856192]]\n",
        "[[  6.61229633e+03  -2.17886848e+03  -1.65226575e+02  -1.54465391e+03]\n",
        " [ -2.17886848e+03   7.17975663e+02   5.44450758e+01   5.08990756e+02]\n",
        " [ -1.65226575e+02   5.44450758e+01   4.12864451e+00   3.85974647e+01]\n",
        " [ -1.54465391e+03   5.08990756e+02   3.85974647e+01   3.60836173e+02]]\n",
        "[[   72.89415642   676.1482722    125.32329656  -316.95033081]\n",
        " [  676.1482722   6271.78512573  1162.46808515 -2939.95333874]\n",
        " [  125.32329656  1162.46808515   215.46210878  -544.91693507]\n",
        " [ -316.95033081 -2939.95333874  -544.91693507  1378.12846912]]\n",
        "[[  897.51564852  1116.41229915   690.41567563 -1324.35446718]\n",
        " [ 1116.41229915  1388.69603415   858.80235411 -1647.35357877]\n",
        " [  690.41567563   858.80235411   531.10361468 -1018.76227534]\n",
        " [-1324.35446718 -1647.35357877 -1018.76227534  1954.18849536]]\n",
        "[[  452.22189309  -567.50121292  -708.87330475  1141.68891932]\n",
        " [ -567.50121292   712.16726034   889.57758658 -1432.72551904]\n",
        " [ -708.87330475   889.57758658  1111.18318212 -1789.63648069]\n",
        " [ 1141.68891932 -1432.72551904 -1789.63648069  2882.33190041]]\n",
        "[[ 1586.54978409  2662.9848895    264.69137209   329.06542336]\n",
        " [ 2662.9848895   4469.75480555   444.27797433   552.3282401 ]\n",
        " [  264.69137209   444.27797433    44.15967476    54.89949278]\n",
        " [  329.06542336   552.3282401     54.89949278    68.25127956]]\n",
        "[[ 1593.33779191 -1422.35773184  1123.73876685 -1191.50495487]\n",
        " [-1422.35773184  1269.72543274 -1003.15107802  1063.64531971]\n",
        " [ 1123.73876685 -1003.15107802   792.54306434  -840.33675438]\n",
        " [-1191.50495487  1063.64531971  -840.33675438   891.01260554]]\n",
        "[[ 1371.97734415 -2310.94759679   672.14482289  -870.11434619]\n",
        " [-2310.94759679  3892.54153349 -1132.15533024  1465.61360203]\n",
        " [  672.14482289 -1132.15533024   329.29017732  -426.27734022]\n",
        " [ -870.11434619  1465.61360203  -426.27734022   551.83052306]]\n",
        "[[  304.89607323  1028.12430987   116.78295967  -140.73476113]\n",
        " [ 1028.12430987  3466.88491373   393.79779     -474.5644233 ]\n",
        " [  116.78295967   393.79779       44.73084722   -53.90499707]\n",
        " [ -140.73476113  -474.5644233    -53.90499707    64.96073491]]\n",
        "[[ 9976.77880196 -6649.06205784 -2174.06443818  1915.15278645]\n",
        " [-6649.06205784  4431.29261725  1448.91348742 -1276.36083551]\n",
        " [-2174.06443818  1448.91348742   473.75573571  -417.33566007]\n",
        " [ 1915.15278645 -1276.36083551  -417.33566007   367.63471139]]"
       ]
      },
      {
       "output_type": "stream",
       "stream": "stdout",
       "text": [
        "\n",
        "[[  191.21940485  -662.30752133    89.07914173  -443.68684111]\n",
        " [ -662.30752133  2293.96829871  -308.53451097  1536.75372132]\n",
        " [   89.07914173  -308.53451097    41.49732344  -206.69054501]\n",
        " [ -443.68684111  1536.75372132  -206.69054501  1029.48763561]]\n",
        "[[  162.27306442   797.88910338   -99.60824644  1144.77320414]\n",
        " [  797.88910338  3923.18357675  -489.76911065  5628.79655156]\n",
        " [  -99.60824644  -489.76911065    61.14263507  -702.69734443]\n",
        " [ 1144.77320414  5628.79655156  -702.69734443  8075.9286429 ]]\n",
        "[[ 4375.32592228 -1787.21238654 -2575.362261    3468.12147298]\n",
        " [-1787.21238654   730.03204135  1051.97176495 -1416.64181472]\n",
        " [-2575.362261    1051.97176495  1515.88496336 -2041.37230385]\n",
        " [ 3468.12147298 -1416.64181472 -2041.37230385  2749.02184774]]\n",
        "[[  1.08650569e+04   7.89730101e+03   1.70432932e+02  -6.20260795e+03]\n",
        " [  7.89730101e+03   5.74017826e+03   1.23879717e+02  -4.50838524e+03]\n",
        " [  1.70432932e+02   1.23879717e+02   2.67346823e+00  -9.72961921e+01]\n",
        " [ -6.20260795e+03  -4.50838524e+03  -9.72961921e+01   3.54092444e+03]]\n",
        "[[ 114.8239018   -38.35743374 -176.57826394  308.4741239 ]\n",
        " [ -38.35743374   12.81347089   58.98675234 -103.04714943]\n",
        " [-176.57826394   58.98675234  271.54523412 -474.37706274]\n",
        " [ 308.4741239  -103.04714943 -474.37706274  828.71495935]]\n",
        "[[ 1338.58987103 -1016.38935144  -147.67285886 -2830.25062429]\n",
        " [-1016.38935144   771.74296331   112.12778797  2149.00520219]\n",
        " [ -147.67285886   112.12778797    16.29122834   312.23245448]\n",
        " [-2830.25062429  2149.00520219   312.23245448  5984.14702642]]\n",
        "[[  3.99863823e+00   1.03356858e+02  -1.14810324e+01  -1.93475141e+02]\n",
        " [  1.03356858e+02   2.67156955e+03  -2.96761890e+02  -5.00094820e+03]\n",
        " [ -1.14810324e+01  -2.96761890e+02   3.29647490e+01   5.55512711e+02]\n",
        " [ -1.93475141e+02  -5.00094820e+03   5.55512711e+02   9.36134450e+03]]\n",
        "[[  1.43837423e+03  -3.72417204e+03  -6.77080031e+01  -3.61775599e+03]\n",
        " [ -3.72417204e+03   9.64245400e+03   1.75306430e+02   9.36692648e+03]\n",
        " [ -6.77080031e+01   1.75306430e+02   3.18719118e+00   1.70297150e+02]\n",
        " [ -3.61775599e+03   9.36692648e+03   1.70297150e+02   9.09927199e+03]]\n",
        "[[ 22860.53992385  -5327.86300729  -9139.11053104  -2535.64685013]\n",
        " [ -5327.86300729   1241.70839005   2129.95533264    590.95625464]\n",
        " [ -9139.11053104   2129.95533264   3653.60317721   1013.6924547 ]\n",
        " [ -2535.64685013    590.95625464   1013.6924547     281.2490418 ]]\n",
        "[[  5.76468843e+01   7.05259210e+02  -1.62587162e+01  -2.56511784e+02]\n",
        " [  7.05259210e+02   8.62822961e+03  -1.98911172e+02  -3.13819733e+03]\n",
        " [ -1.62587162e+01  -1.98911172e+02   4.58560518e+00   7.23465343e+01]\n",
        " [ -2.56511784e+02  -3.13819733e+03   7.23465343e+01   1.14140246e+03]]\n",
        "[[  3.88424714e+03  -5.87494059e+02   7.05201951e+01  -2.96476895e+03]\n",
        " [ -5.87494059e+02   8.88587304e+01  -1.06662100e+01   4.48422585e+02]\n",
        " [  7.05201951e+01  -1.06662100e+01   1.28032479e+00  -5.38266690e+01]\n",
        " [ -2.96476895e+03   4.48422585e+02  -5.38266690e+01   2.26294945e+03]]\n",
        "[[ 10061.6973774    8176.36209901   2496.0587038    2668.63175379]\n",
        " [  8176.36209901   6644.29615269   2028.35356871   2168.59031926]\n",
        " [  2496.0587038    2028.35356871    619.21053865    662.02165166]\n",
        " [  2668.63175379   2168.59031926    662.02165166    707.79264872]]\n",
        "[[  2010.55264853   4958.77541838    577.00273107  -2542.29745577]\n",
        " [  4958.77541838  12230.19634325   1423.10471764  -6270.25715498]\n",
        " [   577.00273107   1423.10471764    165.59235686   -729.60664634]\n",
        " [ -2542.29745577  -6270.25715498   -729.60664634   3214.67650119]]\n",
        "[[  4.16983967e+00  -1.07832588e+02   6.73272916e+01   2.07046942e+02]\n",
        " [ -1.07832588e+02   2.78856456e+03  -1.74109239e+03  -5.35426045e+03]\n",
        " [  6.73272916e+01  -1.74109239e+03   1.08708357e+03   3.34303256e+03]\n",
        " [  2.07046942e+02  -5.35426045e+03   3.34303256e+03   1.02805958e+04]]\n",
        "[[  2.26124474e-01  -3.48327721e-02  -3.89802133e+00  -7.96330397e+00]\n",
        " [ -3.48327721e-02   5.36572620e-03   6.00460827e-01   1.22668700e+00]\n",
        " [ -3.89802133e+00   6.00460827e-01   6.71956024e+01   1.37274520e+02]\n",
        " [ -7.96330397e+00   1.22668700e+00   1.37274520e+02   2.80439392e+02]]\n",
        "[[  14.70602489    3.86215573   44.1567291    42.87978893]\n",
        " [   3.86215573    1.01429496   11.59661879   11.2612636 ]\n",
        " [  44.1567291    11.59661879  132.58625223  128.7520753 ]\n",
        " [  42.87978893   11.2612636   128.7520753   125.02877648]]\n",
        "[[ 41893.70857989 -15769.38427194   2148.85715173   9386.37297293]\n",
        " [-15769.38427194   5935.81921357   -808.86021601  -3533.16350706]\n",
        " [  2148.85715173   -808.86021601    110.22149184    481.45593636]\n",
        " [  9386.37297293  -3533.16350706    481.45593636   2103.03648384]]\n",
        "[[ 10848.03019237  -6229.58913508   -438.35485934   2051.09889938]\n",
        " [ -6229.58913508   3577.40346438    251.72963392  -1177.86392479]\n",
        " [  -438.35485934    251.72963392     17.7133525     -82.88225176]\n",
        " [  2051.09889938  -1177.86392479    -82.88225176    387.81295963]]\n",
        "[[ 9088.24064928  2218.56024506  2410.04470168 -1426.12622657]\n",
        " [ 2218.56024506   541.58002092   588.32391992  -348.13635255]\n",
        " [ 2410.04470168   588.32391992   639.10229584  -378.18408303]\n",
        " [-1426.12622657  -348.13635255  -378.18408303   223.78764962]]\n",
        "[[  2.35890740e+03   1.22728049e+03   4.73736216e+01  -2.74854701e+03]\n",
        " [  1.22728049e+03   6.38523327e+02   2.46473098e+01  -1.43000023e+03]\n",
        " [  4.73736216e+01   2.46473098e+01   9.51398100e-01  -5.51987017e+01]\n",
        " [ -2.74854701e+03  -1.43000023e+03  -5.51987017e+01   3.20254652e+03]]\n",
        "[[ 11514.24403016   -414.55890921   1988.15891235  -3953.29410012]\n",
        " [  -414.55890921     14.92578138    -71.58168508    142.33442384]\n",
        " [  1988.15891235    -71.58168508    343.2944317    -682.61336808]\n",
        " [ -3953.29410012    142.33442384   -682.61336808   1357.32178345]]\n",
        "[[  1.39456197e+03   1.03467378e+03   4.50240653e+01   4.83979670e+03]\n",
        " [  1.03467378e+03   7.67660276e+02   3.34049118e+01   3.59081262e+03]\n",
        " [  4.50240653e+01   3.34049118e+01   1.45362235e+00   1.56255030e+02]\n",
        " [  4.83979670e+03   3.59081262e+03   1.56255030e+02   1.67964081e+04]]\n",
        "[[ 1381.85561041  -511.00450572   224.17497544  -858.84444315]\n",
        " [ -511.00450572   188.96735874   -82.89898138   317.59713305]\n",
        " [  224.17497544   -82.89898138    36.36734492  -139.32818342]\n",
        " [ -858.84444315   317.59713305  -139.32818342   533.7849859 ]]\n",
        "[[   1.21295524   11.32643493  -12.00186128    2.96848059]\n",
        " [  11.32643493  105.76493177 -112.07198449   27.71932645]\n",
        " [ -12.00186128 -112.07198449  118.75514404  -29.37230585]\n",
        " [   2.96848059   27.71932645  -29.37230585    7.26479984]]"
       ]
      },
      {
       "output_type": "stream",
       "stream": "stdout",
       "text": [
        "\n",
        "[[  4.03840823e+03  -4.29923913e+01  -1.43570654e+03   5.31855239e+03]\n",
        " [ -4.29923913e+01   4.57691647e-01   1.52843531e+01  -5.66206467e+01]\n",
        " [ -1.43570654e+03   1.52843531e+01   5.10412308e+02  -1.89081440e+03]\n",
        " [  5.31855239e+03  -5.66206467e+01  -1.89081440e+03   7.00449235e+03]]\n",
        "[[  8.71474298e+02   3.30202391e+02  -8.35957168e-01   1.35957881e+03]\n",
        " [  3.30202391e+02   1.25113981e+02  -3.16744918e-01   5.15145627e+02]\n",
        " [ -8.35957168e-01  -3.16744918e-01   8.01887546e-04  -1.30416887e+00]\n",
        " [  1.35957881e+03   5.15145627e+02  -1.30416887e+00   2.12106604e+03]]\n",
        "[[   68.17549808   392.99129322   -73.613705     314.86217734]\n",
        " [  392.99129322  2265.36161669  -424.33932925  1814.99362297]\n",
        " [  -73.613705    -424.33932925    79.48570551  -339.97802862]\n",
        " [  314.86217734  1814.99362297  -339.97802862  1454.16159043]]\n",
        "[[  134.77994526   858.77737168  -447.43568746  -986.88635636]\n",
        " [  858.77737168  5471.87174372 -2850.92595134 -6288.14375616]\n",
        " [ -447.43568746 -2850.92595134  1485.3745045   3276.2157192 ]\n",
        " [ -986.88635636 -6288.14375616  3276.2157192   7226.18397324]]\n",
        "[[ 5049.06960383  5007.13290124 -2004.12681309   761.22184094]\n",
        " [ 5007.13290124  4965.54451768 -1987.48088092   754.89926342]\n",
        " [-2004.12681309 -1987.48088092   795.4979032   -302.15172731]\n",
        " [  761.22184094   754.89926342  -302.15172731   114.7654393 ]]\n",
        "[[ 11573.00596081   2462.19061267  -1619.50280308  -2811.71627128]\n",
        " [  2462.19061267    523.83820018   -344.5539225    -598.20079866]\n",
        " [ -1619.50280308   -344.5539225     226.62991258    393.46582886]\n",
        " [ -2811.71627128   -598.20079866    393.46582886    683.1197026 ]]\n",
        "[[ 5224.34628214  2441.18128086   605.48405481  -344.14112529]\n",
        " [ 2441.18128086  1140.69124139   282.92464945  -160.80688907]\n",
        " [  605.48405481   282.92464945    70.17355298   -39.88479184]\n",
        " [ -344.14112529  -160.80688907   -39.88479184    22.66946097]]\n",
        "[[  3.47739055e+03  -3.56396739e+03   1.88456545e+03   5.51153837e+01]\n",
        " [ -3.56396739e+03   3.65269973e+03  -1.93148561e+03  -5.64875952e+01]\n",
        " [  1.88456545e+03  -1.93148561e+03   1.02133680e+03   2.98696814e+01]\n",
        " [  5.51153837e+01  -5.64875952e+01   2.98696814e+01   8.73558915e-01]]\n",
        "[[  7.01271058e+03   3.55176684e+03  -1.01507224e+02  -2.48472374e+03]\n",
        " [  3.55176684e+03   1.79888326e+03  -5.14109328e+01  -1.25845196e+03]\n",
        " [ -1.01507224e+02  -5.14109328e+01   1.46929158e+00   3.59657520e+01]\n",
        " [ -2.48472374e+03  -1.25845196e+03   3.59657520e+01   8.80380272e+02]]\n",
        "[[ 3868.6459971   -288.41168783   655.43420472 -3512.40985706]\n",
        " [ -288.41168783    21.50139913   -48.86331946   261.8539034 ]\n",
        " [  655.43420472   -48.86331946   111.04505221  -595.0799228 ]\n",
        " [-3512.40985706   261.8539034   -595.0799228   3188.97697365]]\n",
        "[[  537.01038519   868.09597423   538.94682766   278.10685878]\n",
        " [  868.09597423  1403.30734983   871.22630087   449.56941461]\n",
        " [  538.94682766   871.22630087   540.89025288   279.10970332]\n",
        " [  278.10685878   449.56941461   279.10970332   144.02593885]]\n",
        "[[  992.04831396  1975.34930364   463.72265887  1076.50747645]\n",
        " [ 1975.34930364  3933.28108772   923.35647206  2143.52291521]\n",
        " [  463.72265887   923.35647206   216.76233035   503.20221531]\n",
        " [ 1076.50747645  2143.52291521   503.20221531  1168.15716587]]\n",
        "[[ 1609.33899026  2671.20638356  -709.09930908 -1446.41613138]\n",
        " [ 2671.20638356  4433.71072643 -1176.97428103 -2400.78443809]\n",
        " [ -709.09930908 -1176.97428103   312.43997268   637.31301212]\n",
        " [-1446.41613138 -2400.78443809   637.31301212  1299.9869125 ]]\n",
        "[[  716.1377658   -931.28838303  -145.00905075  -980.85292218]\n",
        " [ -931.28838303  1211.07710526   188.57439287  1275.53241222]\n",
        " [ -145.00905075   188.57439287    29.3625414    198.61059975]\n",
        " [ -980.85292218  1275.53241222   198.61059975  1343.41812553]]\n",
        "[[  1.40929033e+02   2.22153492e+02   1.62241706e+01  -5.42837281e+02]\n",
        " [  2.22153492e+02   3.50191672e+02   2.55749725e+01  -8.55701587e+02]\n",
        " [  1.62241706e+01   2.55749725e+01   1.86777491e+00  -6.24930469e+01]\n",
        " [ -5.42837281e+02  -8.55701587e+02  -6.24930469e+01   2.09092695e+03]]\n",
        "[[ 4412.60458944  1944.74477718  1933.88297851 -3819.01575674]\n",
        " [ 1944.74477718   857.09747423   852.31040895 -1683.13539007]\n",
        " [ 1933.88297851   852.31040895   847.5500804  -1673.73473351]\n",
        " [-3819.01575674 -1683.13539007 -1673.73473351  3305.27720184]]\n",
        "[[ 2497.44990347  1199.9026138  -1704.75155902  3982.06780034]\n",
        " [ 1199.9026138    576.49455975  -819.04980304  1913.18895138]\n",
        " [-1704.75155902  -819.04980304  1163.65812741 -2718.14713133]\n",
        " [ 3982.06780034  1913.18895138 -2718.14713133  6349.22203824]]\n",
        "[[ 3813.42343378  1796.83657271   354.82319131 -2675.68217229]\n",
        " [ 1796.83657271   846.64651726   167.18817044 -1260.74737506]\n",
        " [  354.82319131   167.18817044    33.01482232  -248.96109855]\n",
        " [-2675.68217229 -1260.74737506  -248.96109855  1877.38791965]]\n",
        "[[  155.23162655  -429.84951277  -167.5924959   -857.6899985 ]\n",
        " [ -429.84951277  1190.28968343   464.07780622  2375.01620094]\n",
        " [ -167.5924959    464.07780622   180.93764336   925.9866095 ]\n",
        " [ -857.6899985   2375.01620094   925.9866095   4738.93207113]]\n",
        "[[  1.41090080e+02   1.19820822e+00  -9.32760639e+01   3.14265088e+02]\n",
        " [  1.19820822e+00   1.01757893e-02  -7.92147443e-01   2.66889784e+00]\n",
        " [ -9.32760639e+01  -7.92147443e-01   6.16657394e+01  -2.07763795e+02]\n",
        " [  3.14265088e+02   2.66889784e+00  -2.07763795e+02   6.99996382e+02]]\n",
        "[[ 14027.0693898   -4193.12982185   -714.2246016     883.87387112]\n",
        " [ -4193.12982185   1253.45766919    213.5040751    -264.21754857]\n",
        " [  -714.2246016     213.5040751      36.36659714    -45.00472949]\n",
        " [   883.87387112   -264.21754857    -45.00472949     55.69467138]]\n",
        "[[  277.80597199   580.8606409    341.36028289  1581.06855352]\n",
        " [  580.8606409   1214.51343083   713.74546514  3305.83423648]\n",
        " [  341.36028289   713.74546514   419.45405961  1942.77324144]\n",
        " [ 1581.06855352  3305.83423648  1942.77324144  8998.28665671]]\n",
        "[[  200.80280182  -970.52419787   100.46776297  -127.16367594]\n",
        " [ -970.52419787  4690.75735064  -485.58284141   614.61007254]\n",
        " [  100.46776297  -485.58284141    50.26708445   -63.6238635 ]\n",
        " [ -127.16367594   614.61007254   -63.6238635     80.52975523]]\n",
        "[[ 108.8634631   271.34268821 -172.59146403 -109.36592961]\n",
        " [ 271.34268821  676.32291266 -430.185027   -272.59508834]\n",
        " [-172.59146403 -430.185027    273.62544429  173.38807135]\n",
        " [-109.36592961 -272.59508834  173.38807135  109.8707153 ]]\n",
        "[[ 8029.13264255 -3933.76508564   656.83667087 -1421.26378836]\n",
        " [-3933.76508564  1927.29506883  -321.80825475   696.32899555]\n",
        " [  656.83667087  -321.80825475    53.73362621  -116.26886947]\n",
        " [-1421.26378836   696.32899555  -116.26886947   251.58268595]]\n",
        "[[ 5460.33158183  2016.76084309   550.05114542 -6933.22865064]\n",
        " [ 2016.76084309   744.88595377   203.1601186  -2560.77196948]\n",
        " [  550.05114542   203.1601186     55.4098699   -698.42468422]\n",
        " [-6933.22865064 -2560.77196948  -698.42468422  8803.4323194 ]]\n",
        "[[  1.46430524e+03  -4.55001345e+01  -6.78776440e+02   1.94276201e+03]\n",
        " [ -4.55001345e+01   1.41381878e+00   2.10915174e+01  -6.03671494e+01]\n",
        " [ -6.78776440e+02   2.10915174e+01   3.14645775e+02  -9.00564343e+02]\n",
        " [  1.94276201e+03  -6.03671494e+01  -9.00564343e+02   2.57755292e+03]]"
       ]
      },
      {
       "output_type": "stream",
       "stream": "stdout",
       "text": [
        "\n",
        "[[  470.59824407 -1239.87598698   410.15821921  1846.2612272 ]\n",
        " [-1239.87598698  3266.67700625 -1080.63583592 -4864.30833547]\n",
        " [  410.15821921 -1080.63583592   357.48064704  1609.14161217]\n",
        " [ 1846.2612272  -4864.30833547  1609.14161217  7243.29204793]]\n",
        "[[ 1245.76706323  1075.72985383  -897.42779392    71.20099379]\n",
        " [ 1075.72985383   928.90135932  -774.93610007    61.48262938]\n",
        " [ -897.42779392  -774.93610007   646.49055917   -51.2918929 ]\n",
        " [   71.20099379    61.48262938   -51.2918929      4.06944578]]\n",
        "[[   52.52030581   213.2395193    -56.69458521  -659.86691668]\n",
        " [  213.2395193    865.7811848   -230.18765618 -2679.14860631]\n",
        " [  -56.69458521  -230.18765618    61.20063359   712.31270564]\n",
        " [ -659.86691668 -2679.14860631   712.31270564  8290.59048725]]\n",
        "[[ 3506.16510204  2405.55663386 -1902.01898113  4505.43320186]\n",
        " [ 2405.55663386  1650.43645986 -1304.96261431  3091.14785291]\n",
        " [-1902.01898113 -1304.96261431  1031.80429309 -2444.10038282]\n",
        " [ 4505.43320186  3091.14785291 -2444.10038282  5789.4958582 ]]\n",
        "[[ 9018.48503658 -2964.37268912  -778.59813451 -1479.64860661]\n",
        " [-2964.37268912   974.38820427   255.92491825   486.35994861]\n",
        " [ -778.59813451   255.92491825    67.21916737   127.74336711]\n",
        " [-1479.64860661   486.35994861   127.74336711   242.76361164]]\n",
        "[[  282.15232856  -457.73394594  -258.30715763   849.76222757]\n",
        " [ -457.73394594   742.57889819   419.05007528 -1378.56391091]\n",
        " [ -258.30715763   419.05007528   236.47718246  -777.94738318]\n",
        " [  849.76222757 -1378.56391091  -777.94738318  2559.24112723]]\n",
        "[[  2.73602774e+03   3.00357551e+03   8.92592975e+01  -2.58146308e+03]\n",
        " [  3.00357551e+03   3.29728596e+03   9.79876907e+01  -2.83389645e+03]\n",
        " [  8.92592975e+01   9.79876907e+01   2.91196689e+00  -8.42168293e+01]\n",
        " [ -2.58146308e+03  -2.83389645e+03  -8.42168293e+01   2.43563014e+03]]\n",
        "[[ 14791.4775549    5190.88557465  -3900.39551011 -10294.50621356]\n",
        " [  5190.88557465   1821.67690477  -1368.79542383  -3612.72926277]\n",
        " [ -3900.39551011  -1368.79542383   1028.50341211   2714.57977509]\n",
        " [-10294.50621356  -3612.72926277   2714.57977509   7164.72426691]]\n",
        "[[  588.50914715 -1673.36114969  -749.94832421  -967.80681128]\n",
        " [-1673.36114969  4758.01871706  2132.39572585  2751.85241597]\n",
        " [ -749.94832421  2132.39572585   955.67331741  1233.29450322]\n",
        " [ -967.80681128  2751.85241597  1233.29450322  1591.56408783]]\n",
        "[[ 6907.33019873 -2176.04137095  -235.2279386   4261.3129402 ]\n",
        " [-2176.04137095   685.52623255    74.10471358 -1342.45692411]\n",
        " [ -235.2279386     74.10471358     8.01064688  -145.11827722]\n",
        " [ 4261.3129402  -1342.45692411  -145.11827722  2628.9155798 ]]\n",
        "[[   17.49056706  -190.95071599    67.65523242   207.75772504]\n",
        " [ -190.95071599  2084.67660419  -738.61613689 -2268.16467528]\n",
        " [   67.65523242  -738.61613689   261.69708845   803.62729975]\n",
        " [  207.75772504 -2268.16467528   803.62729975  2467.80291189]]\n",
        "[[  631.58181103   447.50428425  -180.84985953 -1382.12110231]\n",
        " [  447.50428425   317.07702933  -128.14030666  -979.29532459]\n",
        " [ -180.84985953  -128.14030666    51.78532871   395.76251696]\n",
        " [-1382.12110231  -979.29532459   395.76251696  3024.56262686]]\n",
        "[[ 4654.02495068 -1642.32939734   841.76348172 -1257.16079984]\n",
        " [-1642.32939734   579.55122243  -297.04458534   443.63151479]\n",
        " [  841.76348172  -297.04458534   152.24795025  -227.37996963]\n",
        " [-1257.16079984   443.63151479  -227.37996963   339.58848382]]\n",
        "[[ 2977.29496985 -4062.32708055   714.95298543  1678.85055046]\n",
        " [-4062.32708055  5542.7834583   -975.50726531 -2290.68336339]\n",
        " [  714.95298543  -975.50726531   171.68529708   403.15092233]\n",
        " [ 1678.85055046 -2290.68336339   403.15092233   946.67783989]]\n",
        "[[  48.82095646  -51.21951982  -51.10258389 -119.9312874 ]\n",
        " [ -51.21951982   53.73592409   53.61324312  125.82348642]\n",
        " [ -51.10258389   53.61324312   53.49084224  125.53622706]\n",
        " [-119.9312874   125.82348642  125.53622706  294.61761386]]\n",
        "[[  8.60706713e+03   2.01078059e+02   2.18323152e+02  -3.23910984e+03]\n",
        " [  2.01078059e+02   4.69757992e+00   5.10045930e+00  -7.56719925e+01]\n",
        " [  2.18323152e+02   5.10045930e+00   5.53789090e+00  -8.21618631e+01]\n",
        " [ -3.23910984e+03  -7.56719925e+01  -8.21618631e+01   1.21897883e+03]]\n",
        "[[ 6691.44687845  4216.05387086  -224.7670212  -2192.44872019]\n",
        " [ 4216.05387086  2656.39264046  -141.61808156 -1381.38762533]\n",
        " [ -224.7670212   -141.61808156     7.5499686     73.64478519]\n",
        " [-2192.44872019 -1381.38762533    73.64478519   718.35456188]]\n",
        "[[  2.67847365e+04  -6.29818610e+03   2.27878102e+02   1.36540870e+03]\n",
        " [ -6.29818610e+03   1.48096092e+03  -5.35834540e+01  -3.21063383e+02]\n",
        " [  2.27878102e+02  -5.35834540e+01   1.93873214e+00   1.16165692e+01]\n",
        " [  1.36540870e+03  -3.21063383e+02   1.16165692e+01   6.96046022e+01]]\n",
        "[[ 14979.99662814  -1751.03177276  -1329.83572206  -1786.62893667]\n",
        " [ -1751.03177276    204.68043787    155.4462701     208.84143781]\n",
        " [ -1329.83572206    155.4462701     118.05496968    158.60637629]\n",
        " [ -1786.62893667    208.84143781    158.60637629    213.08702776]]\n",
        "[[ 12546.26327972  -8063.1343434    2423.63593276   7276.71377547]\n",
        " [ -8063.1343434    5181.9521072   -1557.60338275  -4676.54148825]\n",
        " [  2423.63593276  -1557.60338275    468.18809741   1405.68586721]\n",
        " [  7276.71377547  -4676.54148825   1405.68586721   4220.42501338]]\n",
        "[[  917.28313858   722.72084155  1731.7213751   1203.50846787]\n",
        " [  722.72084155   569.4265956   1364.41091839   948.23573674]\n",
        " [ 1731.7213751   1364.41091839  3269.28381745  2272.08072543]\n",
        " [ 1203.50846787   948.23573674  2272.08072543  1579.04639399]]\n",
        "[[  266.36758328 -1002.69834083  -332.63598849   241.09658565]\n",
        " [-1002.69834083  3774.49819651  1252.15519716  -907.56969536]\n",
        " [ -332.63598849  1252.15519716   415.39101522  -301.07793187]\n",
        " [  241.09658565  -907.56969536  -301.07793187   218.22311445]]\n",
        "[[ 15041.55771974   6765.85134851   3189.25293039   1244.07248104]\n",
        " [  6765.85134851   3043.35131528   1434.55961423    559.59692675]\n",
        " [  3189.25293039   1434.55961423    676.21548536    263.77998075]\n",
        " [  1244.07248104    559.59692675    263.77998075    102.89601429]]\n",
        "[[ 2178.07615646 -1809.04586199 -1362.89262023  2334.20681475]\n",
        " [-1809.04586199  1502.54017569  1131.97844238 -1938.72338519]\n",
        " [-1362.89262023  1131.97844238   852.80594472 -1460.58861738]\n",
        " [ 2334.20681475 -1938.72338519 -1460.58861738  2501.52936014]]\n",
        "[[ 1647.8728789   2160.07801535 -1009.04895269  -340.4626644 ]\n",
        " [ 2160.07801535  2831.49088267 -1322.68968501  -446.2880152 ]\n",
        " [-1009.04895269 -1322.68968501   617.87520261   208.47693978]\n",
        " [ -340.4626644   -446.2880152    208.47693978    70.34209212]]\n",
        "[[ 3245.31183303  1591.22935683 -1149.54287747  4280.58619626]\n",
        " [ 1591.22935683   780.2057233   -563.63963393  2098.84127331]\n",
        " [-1149.54287747  -563.63963393   407.18701164 -1516.25410021]\n",
        " [ 4280.58619626  2098.84127331 -1516.25410021  5646.11942591]]\n",
        "[[ 17086.05921874   8755.08027212    588.62088584   2229.48445716]\n",
        " [  8755.08027212   4486.19717337    301.61566453   1142.41178367]\n",
        " [   588.62088584    301.61566453     20.27820124     76.80654148]\n",
        " [  2229.48445716   1142.41178367     76.80654148    290.91558686]]\n",
        "[[  154.51391259   741.05449782   -52.533529     366.1411977 ]\n",
        " [  741.05449782  3554.12505929  -251.95276788  1756.02686419]\n",
        " [  -52.533529    -251.95276788    17.86099144  -124.48516063]\n",
        " [  366.1411977   1756.02686419  -124.48516063   867.62010237]]\n",
        "[[ 5173.23907426 -3580.06808342  1018.96537204 -4848.27215167]\n",
        " [-3580.06808342  2477.53627813  -705.16080045  3355.17924859]\n",
        " [ 1018.96537204  -705.16080045   200.70412647  -954.9571102 ]\n",
        " [-4848.27215167  3355.17924859  -954.9571102   4543.71864885]]\n",
        "[[ 3807.84536454   631.33586012   429.48337453 -5025.97085238]\n",
        " [  631.33586012   104.67467297    71.20779068  -833.29949807]\n",
        " [  429.48337453    71.20779068    48.44103459  -566.87462734]\n",
        " [-5025.97085238  -833.29949807  -566.87462734  6633.77332606]]"
       ]
      },
      {
       "output_type": "stream",
       "stream": "stdout",
       "text": [
        "\n",
        "[[ 1179.77620984 -1428.34090709   227.90057274  2578.60746428]\n",
        " [-1428.34090709  1729.27520478  -275.91648999 -3121.88912935]\n",
        " [  227.90057274  -275.91648999    44.02417223   498.11660303]\n",
        " [ 2578.60746428 -3121.88912935   498.11660303  5635.99808117]]\n",
        "[[ 9287.04554268  5638.85647488  2340.77591963  9050.32103762]\n",
        " [ 5638.85647488  3423.76939987  1421.25925732  5495.12341123]\n",
        " [ 2340.77591963  1421.25925732   589.98654424  2281.11011758]\n",
        " [ 9050.32103762  5495.12341123  2281.11011758  8819.63058194]]\n",
        "[[   98.04438515   341.57025065   364.14911831  -512.71528839]\n",
        " [  341.57025065  1189.97366294  1268.634664   -1786.21436908]\n",
        " [  364.14911831  1268.634664    1352.49540459 -1904.28875573]\n",
        " [ -512.71528839 -1786.21436908 -1904.28875573  2681.20368682]]\n",
        "[[ 9573.01909363 -2983.24952538  3184.73227127 -5472.0504431 ]\n",
        " [-2983.24952538   929.67303665  -992.46130649  1705.26055862]\n",
        " [ 3184.73227127  -992.46130649  1059.49017133 -1820.43046877]\n",
        " [-5472.0504431   1705.26055862 -1820.43046877  3127.88847061]]\n",
        "[[ 1910.99961003  2021.76059048  1166.54330403   200.40240345]\n",
        " [ 2021.76059048  2138.94124508  1234.15581395   212.01766835]\n",
        " [ 1166.54330403  1234.15581395   712.1002396    122.33287785]\n",
        " [  200.40240345   212.01766835   122.33287785    21.0157674 ]]\n",
        "[[ 5243.43843463 -3389.33883843   243.08213346  5586.19737962]\n",
        " [-3389.33883843  2190.85584867  -157.12737474 -3610.89692841]\n",
        " [  243.08213346  -157.12737474    11.26911746   258.97219809]\n",
        " [ 5586.19737962 -3610.89692841   258.97219809  5951.36217449]]\n",
        "[[ 4656.33831945  4527.4511984  -1605.18549277  1825.01161814]\n",
        " [ 4527.4511984   4402.13166389 -1560.7540699   1774.4954234 ]\n",
        " [-1605.18549277 -1560.7540699    553.35765776  -629.13860046]\n",
        " [ 1825.01161814  1774.4954234   -629.13860046   715.29755311]]\n",
        "[[  473.05969549  -880.49095773  -181.85339941   845.27324145]\n",
        " [ -880.49095773  1638.82980104   338.47794547 -1573.28018641]\n",
        " [ -181.85339941   338.47794547    69.90800356  -324.93956651]\n",
        " [  845.27324145 -1573.28018641  -324.93956651  1510.35241328]]\n",
        "[[  4.20655738e+03   1.07971679e+02   9.91798569e+02  -3.04736978e+03]\n",
        " [  1.07971679e+02   2.77135966e+00   2.54569585e+01  -7.82182677e+01]\n",
        " [  9.91798569e+02   2.54569585e+01   2.33840719e+02  -7.18491801e+02]\n",
        " [ -3.04736978e+03  -7.82182677e+01  -7.18491801e+02   2.20761581e+03]]\n",
        "[[ 1882.58488237  1665.71826646  1022.63146546 -1436.18922292]\n",
        " [ 1665.71826646  1473.8338596    904.82821137 -1270.7456886 ]\n",
        " [ 1022.63146546   904.82821137   555.49958142  -780.14665021]\n",
        " [-1436.18922292 -1270.7456886   -780.14665021  1095.64222221]]\n",
        "[[  397.53638397  1395.73568461   151.38664955   602.96075406]\n",
        " [ 1395.73568461  4900.37687081   531.51298212  2116.97312448]\n",
        " [  151.38664955   531.51298212    57.64986196   229.61472722]\n",
        " [  602.96075406  2116.97312448   229.61472722   914.53684644]]\n",
        "[[ 17485.79254791   2616.44718144  -3091.40904154 -14322.94778301]\n",
        " [  2616.44718144    391.50618049   -462.57602858  -2143.18202931]\n",
        " [ -3091.40904154   -462.57602858    546.54713739   2532.23239133]\n",
